0000
1e00
0503
0100
0000
04fd
0000
1f01
05ff
0000
0000
1f00
09ff
0000
0500
0200
08e0
1804
0802
0000
0000
0000
0200
06ff
0200
0200
0200
0000
0600
0700
0a01
0000
11fe
1cff
0100
0000
0801
0700
0000
0400
06ff
0300
2a01
2001
0a00
1dff
0301
1d01
ff00
0000
0000
0700
0000
0000
09ff
0000
0000
0501
1dff
1d00
0000
0700
0800
0a02
0700
0500
0000
0cfe
0000
0000
0000
0501
0800
0000
0000
0000
0200
0200
0400
0b05
1b02
08ff
03ff
0200
0000
0200
1afe
0200
06fd
0100
0600
0300
0000
0500
0000
0000
0200
0000
0000
0100
06ff
1a00
0300
0000
0200
0000
0100
06f0
0200
0000
05f8
1b02
0500
0200
0300
0000
0200
0a00
1d00
0000
0200
0600
2300
0702
0000
0200
0200
0200
0000
0000
0000
0100
0400
0800
0000
0300
18ff
0100
0100
0000
0800
0000
0200
0602
0000
0000
1bff
ff00
0404
1602
0200
0302
0000
0200
1e00
0000
0fff
1d00
0000
0aff
1d01
0000
0000
0000
0000
0700
0100
0000
0300
0900
0200
0300
0000
0200
0200
0afe
0400
1a02
0200
0000
18fc
1eff
0300
0601
0505
0901
0000
0300
0200
0200
0300
2401
2302
0000
fe00
0500
0000
0100
1802
04ff
0000
1dff
1c00
1701
0000
0501
0000
1a02
0700
0100
2100
1eff
0000
0000
2000
1c01
0301
0200
0000
12fe
0701
0000
0000
08ff
0a01
05ff
0b03
0000
fd00
0d00
0eff
0000
0500
0400
0000
0000
0f00
0000
0dfe
0000
0000
0500
14fd
1f01
1e01
0100
1500
07ff
0200
0400
0406
0300
2202
0000
1803
0000
0300
1901
0701
1901
0000
1cfe
0bff
ff00
0000
0300
0000
0400
0200
1600
22ff
0000
0903
0800
12fe
2101
2100
0000
0000
0eff
0200
0000
0200
0000
0000
0000
1aff
0000
0000
08fe
0500
0000
19ff
2300
07fd
0300
0613
0200
0601
0800
0f02
0000
0801
0000
0500
1a00
28fd
1d01
0601
0b00
0000
0500
0300
0600
0e20
0200
1802
0200
0000
0900
0300
0a00
0b08
07ea
0200
0200
10fe
2000
0000
0000
0800
1d01
0903
2100
0000
0000
0400
0500
07fe
0601
09ff
0000
0000
0000
1bfe
0200
1d02
0000
06ff
0000
0d00
0200
0000
0000
ff00
0000
0700
0000
0800
fe00
0000
06f3
0000
0100
0200
0400
1dff
1b00
0000
0800
2201
19fd
1301
0000
0402
0500
0000
0000
0803
0100
0500
1904
0200
1f00
1701
0000
0400
1901
0000
09fe
0600
0000
1300
0000
2e01
0201
0000
1dff
07fb
0200
0000
2400
0602
0100
0000
06e7
0200
1501
0200
04fe
05ff
0500
0000
0000
05fa
17fe
0000
0000
1aff
ff00
0000
0300
0000
0301
0200
0400
0000
0300
0000
08fa
0709
0200
0000
0000
0900
0000
0000
0000
0706
0000
0000
12fc
0000
0000
0801
1efe
0000
06fe
0100
0100
0200
1303
0a01
0300
0600
0500
0400
130a
0000
0200
1c02
19fe
07ff
0100
0800
0200
15fe
0a07
0000
0500
0000
0200
0400
0000
0000
0500
03ff
1bff
0000
0200
0f02
0200
0201
2001
0600
0000
2a00
21ff
0300
0000
ff00
0000
0300
0200
0500
0000
0400
2101
0500
1001
2101
0000
0aff
1900
0802
0000
0200
0300
0100
0100
0704
18fd
2000
0000
0000
0000
071b
0800
0200
0901
0000
0700
0000
0000
fd00
08ff
0afe
0000
09ff
0000
0000
0000
0000
06ee
0100
07f5
0000
060a
0000
0700
0805
0300
0000
0200
1b02
0200
0000
0a04
0200
0000
09fc
0000
0400
1e00
0000
0300
0100
0000
0000
1f00
0200
09fe
0000
0902
0000
0200
1d01
07f2
0e18
0000
0400
0200
0000
0efd
0afd
0000
060b
1d01
0000
0200
0000
0903
11fd
0000
0500
0607
0300
0200
0000
13ff
0000
05fd
0400
fe00
0000
15fd
0300
0000
0200
0000
0200
0000
0100
0000
2c00
0400
0000
0000
0501
1d01
0300
1e00
0200
0200
050a
17fe
0000
0fff
0200
0000
0300
2100
0300
0200
1cff
07fd
0800
0000
03ff
06ef
0800
0200
0000
0a03
2100
19fe
1900
0ef9
0000
0000
0000
0a02
0600
0600
1e01
21ff
0300
0600
0200
0800
0100
0cff
0000
0200
0000
0000
0609
0000
0000
0200
0814
0600
0000
0400
2100
0000
0700
0000
fd00
0000
0900
0600
0000
1dfe
0700
0000
0200
16fe
1303
0000
0000
0400
0a02
0000
0e02
1900
0000
0b01
0300
0000
1cff
fd00
0b01
0704
0000
0000
0200
0600
0000
0801
0000
0200
0600
0702
0500
0000
0b01
1bfe
0000
0801
0300
0200
1f00
0000
0700
0000
0000
0000
0000
1605
05ff
0000
1f01
0100
ff01
04fc
07f0
060a
0000
0000
0100
07ff
0300
0600
0000
0000
2000
0200
0200
0100
0000
0000
0000
0800
0000
0cfe
0000
0000
1901
0200
0300
0000
0000
0000
0000
0802
1703
0000
0000
0000
1a03
1cfe
0200
09ff
1b00
0000
2000
0d04
