0009040706050807
0604080409090405
0201000106070601
0708020903010607
0105060100050804
0409070506070103
0600000109030909
0500000601070201
0903080004040704
0705010901010409
0608030800090708
0201070800030204
0107060703090101
0300040408080806
0408050101000707
0503070003050400
0600090707050203
0209070500080406
0708030705000503
0400020608040402
0101050206020406
0102020605020707
0104020902090805
0902070908020604
0708070709040007
0003060904050802
0407090105040703
0507040907060403
0403080303040701
0703050909070405
0305010205090404
0701090604070505
0301090001040302
0804020500030502
0703030903080408
0203040208000000
0406010600090100
0802000906080600
0301000000010100
0301070308060200
0208070200020901
0007040202060705
0305090106020601
0502050309070106
0504060806030901
0406080308010204
0603080109030507
0703000603010507
0207040802050901
0504000208040104
0005000006050608
0302090000000006
0405090300060101
0505020508000909
0109090408090703
0109070302000902
0908030000090408
0007080900080002
0008070302080800
0308030308070801
0602030001080409
0506040009090503
0605010701030207
0602000107080701
0909090903000205
0900050200030101
0907050301020908
0807000708010808
0805080407070100
0005060507030307
0105030709030204
0608020109000607
0008010908000803
0009010003060101
0506070602020008
0203090806030204
0003060905030309
0309090009030609
0203020906040303
0305000400030109
0206040007090405
0704070008010907
0009050707050808
0801080701050008
0206060803060909
0303050704010703
0106050606030501
0204060009090600
0106050207000407
0301000306050400
0006070501040908
0002090009070606
0406040808010103
0601040800000703
0805090409080308
0900010604080706
0902040408070008
0906050103040208
0700050600090908
0007040106060708
0504060802040601
0304030207020303
0401080201090605
0000010706020106
0707050601000700
0800000900030807
0409060209080509
0900000807060504
0406020807010002
0701070709090304
0403030304080203
0804000106080403
0506060202000104
0904070602060005
0807080001060307
0009010308000008
0908060703050507
0509020006060702
0007020001020105
0200080807050501
0104060102060602
0103090604080502
0100020004010008
0905030101050501
0408010303010209
0303010704010808
0402030000020901
0009050808020203
0108080708080106
0805040600060905
0906070002010200
0001040202070402
0006030308040501
0809010508020800
0701070601030609
0905040807040006
0703030906030301
0903000806050306
0300050604030706
0905070409060607
0107090705080606
0800030506090807
0903040609020501
0006070606010109
0306040303000408
0101090001050906
0402000102090704
0608070809020001
0708070002020003
0900050207090707
0801010308090100
0708030706040904
0008060000070307
0605060405010609
0400070404030401
0607060404080504
0803020500060708
0205080100080905
0101090103030601
0000000604090800
0100020600050902
0002070801090407
0906090806050001
0903000208060104
0402070403050600
0605070909080300
0700000806060906
0404070807080400
0905020008040501
0105060505080507
0706090904090201
0709070808030809
0407040509090109
0705020708000000
0502000800030100
0103060703050102
0401070904090404
0101040205030301
0402000205040406
0108090202080607
0503010805030906
0108080504070903
0203090807080502
0506070804010400
0602000207060109
0101000701040205
0004020109060704
0001080103010605
0502070302030909
0509080707090205
0000020209030107
0406000403080606
0302060309050908
0200080501010300
0603070904000404
0707050309030000
0501050808050205
0707050609030505
0702090508050403
0706040300040505
0003090902090500
0907000803000807
0506090408070807
0302020903020808
0202000006000301
0904020200040002
0803010108030100
0804070207030406
0007060102070208
0605040905080509
0906030302090706
0204070003000002
0703010900000907
0300020107090500
0108020306070104
0102080404030501
0706090501020701
0300000303020103
0200000409010604
0705000508010907
0604080104090304
0707020208050408
0903020307000705
0405090102050307
0607050506010502
0402030803010408
0501030901050007
0403000003010401
0803040303080501
0103070102060803
0804030506080701
0908030307050202
0007060408010900
0507040705040005
0002070404030603
0001020200060308
0308060706040607
0201040703090002
0104040107010900
0406040504010209
0202050907050404
0804060409010408
0200000901050000
0909010707050107
0706070606060807
0608000303050505
0400000805070003
0702000609000104
0808060107040001
0601070100080008
0305010503010901
0209080408040808
0005060503050801
0408000508010106
0600060203050007
0206040709000009
0801030803050601
0709030409030703
0703000308020507
0603080201050308
0602010502090504
0709090006070608
0403080502010600
0501040906060807
0209060104000600
0004040701010800
0501010001060302
0903060201070602
0803090705090209
0904060804060603
0309040505010006
0109050805020108
0103060604070303
0405020101040508
0608030201050401
0906060909060203
0304020905000504
0604050007010009
0009060606080100
0508090200010109
0207090909040701
0203070601020904
0906070405050608
0903060503050203
0607010407040905
0206030405060301
0809030904050601
0602010504040609
0307060307040608
0106080807050004
0805040805060409
0404030508060706
0509020805010404
0406070606070703
0806010200020206
0205050200040309
0009090103050607
0306020700090001
0900020300000805
0207010805030108
0605020603040605
0307040603070609
0305060106090408
0804050605020308
0903020109050907
0204020402050502
0907060108000609
0302060809070104
0003040005090902
0700050300050901
0800090100070403
0706010000020107
0308040304060306
0306010004070209
0100020703000806
0800020407070501
0008060203080704
0900020503040601
0203070902040801
0002070504010600
0705000805040206
0403020703030109
0704010103070604
0705050109000909
0508030104070102
0503040908040204
0006090505010307
0108070100090101
0104050506060800
0106040809020905
0407040108090306
0309040406000900
0103010705000206
0201030500010002
0308000409010901
0403090308050402
0904070104040708
0408010602080600
0800050200030100
0705040600030700
0104080202020806
0109020608090103
0301070500040206
0208090206060405
0002010002090707
0807060108040303
0800060106000407
0608000008070102
0106010909050302
0803010900030902
0508080902000204
0305010702040208
0906080904090109
0003000000040207
0102070709000701
0509010300080803
0707020906050705
0707000608070200
0003090806040605
0700050000040207
0608050006040101
0506090400050306
0601030607000404
0309040708000104
0009030900040100
0005080109060409
0108020601010802
0408030006060909
0805020202010403
0908050500000707
0502060401060601
0906080906050600
0803090901030006
0109000107080303
0604020709000209
0404050302090406
0805080806040807
0505020704070702
0401050506010106
0009080901080705
0906000704040400
0805040402040706
0703010705080800
0707060801010002
0904070506010609
0607000204080800
0706010109010209
0702060605070604
0204000004000105
0403040304030909
0705000705000605
0505060408070208
0008040906080000
0200020706010703
0909090103070502
0607070205020806
0309090401050500
0905030207070002
0502070400030105
0204020507040902
0001010707000202
0409010409070900
0307040605010005
0201010009020302
0001000900040302
0609030209020608
0409010108010705
0202080100070809
0705030509030904
0205080207080700
0604040304060608
0809020009040405
0200020802010009
0801040502040001
0400050807040809
0904060303030808
0208020409040702
0404080503040900
0408000801000205
0408080100020207
0200090706020106
0006060801090208
0403080208000702
0202040400080005
0004090704060408
0404070401020908
0806050002020706
0808020606000004
0202020106030702
0004080704060503
0001030005080603
0906090302030104
0801030104040400
0403070308020909
0200060001010409
0204090504070801
0604060706050105
0207000607090608
0107010805070904
0006080809070403
0805030603030006
0001090101040607
0207060602060305
0801000801000106
0300070806050006
0800000005070608
0804000408080105
0601070104060404
0607010701010901
0608020408090606
0304070105020006
0907030408070200
0404000908040205
0901050207050302
0203040508020809
0606060908030607
0802050409080408
0508060106090804
0601050505070603
0203000503030307
0206010407090106
0404060909010400
0608050802010307
0803040903080005
0409080908040004
0506060304060105
0907070000070200
0105090207060805
0302010206090909
0307080608020305
0508050903040503
0009030208010206
0400020502090903
0603070806070204
0407040704000507
0700030103090708
0107050408010601
0609080001000701
0401050704010101
0503020603050509
0600010208040905
0709070203070802
0201060609010201
0508090005010202
0804030608080505
0403050202080202
0604010400060508
0800070305030705
0009090701050601
0806060101050409
0604010707030104
0408070303060701
0009050903020707
0303060903010108
0602060403070408
0403020203040909
0609020807000407
0608040704070301
0100030401080507
0807080900070403
0908040100040901
0802020907090000
0101050105080001
0105050101030005
0704040008000203
0309080107020800
0709000408040406
0907020201080703
0003090103040104
0703030506070709
0105010709000103
0900050409000806
0201080803070807
0408000003010907
0208050800020501
0208050309090600
0102000605000104
0101030905060009
0104010800070201
0600020601020204
0504050804020200
0500030805090206
0800030009040005
0508070601080506
0509080407090909
0007020207020806
0203000606090003
0401030901010500
0407090202090404
0405050702050007
0508050605090306
0007010609000904
0105080200010502
0005070804080201
0304090903090608
0009080204050105
0102070205000309
0703040804090502
0005010908090604
0102000201000304
0602040009050309
0103030907020802
0901060203050902
0708090505080503
0202040603040400
0202080307030200
0706080002080505
0706020504010703
0409070704000109
0306080203060108
0707020204020400
0807070606060608
0502050106000904
0901030608080503
0007070601010404
0507050002040704
0609070308080907
0402020404020701
0808050407020800
0002070306010209
0002000806040808
0509040200010506
0506080805040506
0802030005070701
0909040000050902
0501040306060709
0500010302090702
0304080408020600
0406090006080804
0101090008010607
0308040409050202
0800010806090309
0000090907080400
0307090309030804
0107010309020708
0405090803040404
0700010206070602
0004000808090002
0305010009080404
0003010309040701
0701000805070401
0402030606090907
0809060105010507
0104090108030401
0503000109050404
0102010703060402
0000020008070004
0809040404090802
0506080602010606
0705060006040308
0700040705050003
0309020200010908
0908040607000005
0008070004080801
0007050205080503
0206090303090603
0208080007010309
0301010107090706
0300070604060105
0709020306010300
0609030405060403
0108050201070700
0309010509070403
0501020001020606
0504010309080703
0806020202090208
0400020402000103
0505080807040605
0804000109080509
0500030200060102
0905020603010809
0400000307070206
0709040700000704
0808090008090706
0905030200060401
0305010106060301
0203050102070105
0106000805020104
0101000500010006
0107000807060402
0800040307040502
0809060302060501
0808010200040502
0408040004090108
0701040003070702
0705080604000301
0405050607010808
0004000007050102
0404060704010904
0207060608020804
0100010303090805
0203070807010604
0105090706050202
0000030404060201
0106090406000107
0106010301000500
0601010100070309
0906000102090508
0806060801080100
0301000602090506
0208070108010906
0806010009090908
0409060408080507
0102040502060101
0400080705020104
0304060005040605
0705070800080706
0802080501050906
0908070802020506
0704020609070407
0907020408010407
0201030008050909
0804030500070300
0201050204080109
0607030100040004
0908040603040305
0207080309010105
0201020105050109
0401030705020107
0103060905090605
0701070001010504
0006050508010206
0105070702020200
0109060205060006
0908080505090003
0001060801020406
0703090609030409
0102080207010005
0003080207040602
0403060505010709
0206090408000001
0605010804090709
0803090301000201
0003010200060102
0505070205070606
0103040007080408
0502080107010904
0805050704080407
0208060802020101
0807050507080701
0708070508050506
0502090400040902
0100090305070905
0206050901090602
0901040008000006
0502080908070007
0508070504090106
0402020202080500
0405080705010300
0907090304090704
0901010004030205
0300000404080403
0307060807050702
0600050906010709
0406090307050705
0409050505010903
0605010801020502
0104020105070203
0506030209060905
0207050804010508
0805000708030503
0108060408070902
0103090107030805
0604020709000707
0501070709070307
0901020905070507
0601060008050203
0209010407060801
0405050101070407
0205070102050409
0004030601080004
0801040608030006
0804090800040506
0205010204050309
0206020009090701
0206090801080505
0100080500050505
0605090506090704
0007080609040600
0704010802080805
0701000606050405
0406010708050607
0701080701090707
0500030907060204
0407090303080600
0808080003030800
0306030604090106
0103030702010106
0507000101070607
0501060701000609
0209000907050405
0007070902080100
0001040807010400
0306050409020606
0505020000090006
0705030301000700
0609010307070905
0506000503060506
0309060906030105
0307030203020807
0004090709010401
0107020406050706
0702020909010509
0008000109080400
0900050207070502
0002010702050306
0706030501000606
0501090205010700
0300030900010308
0305060700000303
0605030905090605
0705080806050508
0708000408050604
0909000201020100
0500060204080806
0903050402080902
0105000904080103
0000090604040608
0002050000000802
0403080307090801
0603040404030601
0907010708060802
0307030107010309
0103040701060502
0702070406020103
0306080308070305
0108050709090306
0607020101090408
0600040200040203
0303010509050509
0708060703050909
0102050102060807
0901020409080902
0006090506000604
0902010708090809
0600040604000804
0000030904090903
0603020209010401
0003030805060608
0308090307070105
0708040701000802
0901060804000207
0004060608090702
0205040004030106
0206060404060801
0405000604080109
0105080703060007
0009050602000602
0204080801090605
0705040305070901
0209030705020500
0303020100050709
0707060108010704
0400080506030304
0302090606050208
0907000500030603
0100030505090405
0805030401090506
0303050905080701
0709020501000501
0609040106040300
0105070004020404
0303040806000904
0708000303020706
0705040608040101
0505000006040806
0209050304000409
0904020604050508
0401030502070601
0807020607070607
0302050908010608
0507050905080408
0406050306000901
0301090900020008
0206020602070207
0402010806090409
0705050205000808
0307090107000602
0204000508070202
0804030709090501
0904000502060806
0308040508040201
0809040201010404
0203090205090909
0500070609040009
0902070101090801
0303020309090107
0505060708040908
0005040906030209
0702020305090207
0809000507060104
0204050602050908
0901010401050403
0509080809040601
0603080601020403
0309090607070706
0106090708070506
0002020004060904
0800070207020703
0408060503020407
0604000801070506
0806010906060409
0106050800030000
0505000106090002
0907040609030300
0208090105050007
0600000302030103
0803070109020501
0009060807050006
0004070100080908
0004020201020806
0109050908080605
0709010805070305
0708070904080206
0106020102030709
0403090808060700
0206050909040009
0008030807000608
0705030600050803
0600020305080502
0203020300080908
0909020108000908
0700050504080604
0201070505030300
0003020603040404
0002020705000300
0003090605010905
0800090005000604
0005000302040405
0106060607060608
0907090408080005
0801080100050707
0203090600010204
0205070906050904
0809060705020607
0001050202000700
0209090602010606
0102000805020109
0105090306010309
0007080006010508
0005010302080508
0008000601070004
0504070002030606
0707030902020203
0603010600030204
0300020203050408
0705040508020609
0206070700060109
0909070308080601
0205040409030401
0601030506030805
0008040506000600
0008010107090806
0801000507010500
0403060708030500
0801030402060409
0509070706070403
0009010600090708
0902080107090602
0205040205010006
0401080801080200
0605060708020206
0203000407040407
0405090807080109
0407040408000706
0807080400080909
0807070509020407
0701050303010203
0608080301040202
0503050101090904
0107060106010808
0707000706090105
0600020707070303
0900090802010800
0302000101070203
0406050205020405
0605050403080002
0904010009070200
0108080508000108
0904000707030309
0400020907000702
0801010406060308
0002020309000009
0207060800040005
0708050700020505
0405000801060409
0608040700050901
0905010605010206
0906050307000800
0200050601000909
0405000501080601
0908080704060302
0606030303000506
0309070508000803
0205080605090101
0703000703080104
0400010700010806
0003040307040403
0607070108040505
0401040103070003
0306070803000603
0807040002060608
0609030308040101
0109080305030602
0302000102010604
0204010109000501
0002070506060907
0805060603010606
0608090709010705
0600090106060909
0407010902060907
0408080901030104
0907080106090601
0706020308030404
0103060007080208
0709080404070302
0200050205070105
0100030408060304
0005060405090300
0509030407090801
0901030403090009
0603000703020003
0503060101090109
0603080404080706
0701080208010807
0408010203040700
0605050005080302
0506060903000607
0001030806030609
0501060309040209
0509090803000908
0101050309020201
0508060209030504
0909080202070303
0102020506000901
0103040401020205
0408030408020108
0002090507070001
0107060503050908
0906070009060405
0202010906060902
0308040803060603
0704070104050308
0805060504070101
0300050906090002
0502040708060900
0709010401090807
0601050507060601
0704000605090604
0309050509030403
0509030501090106
0100040903030308
0406030001070300
0000040206020801
0403060204040304
0105070105000609
0508020804080001
0601000302040400
0107060406090008
0804010501000706
0104020301000007
0406030606080709
0804030903030702
0009060105060502
0509070709020400
0104000503060702
0004080205070502
0609080008090107
0202040302050000
0408050407080100
0608010802050800
0400080809000409
0208000700050700
0306020705040908
0004090504020707
0601020305080205
0402020900030705
0303090103020101
0100080502050008
0900020804010302
0809000902080108
0102010107090705
0904060009070901
0701020001010809
0802000709020102
0108000405000004
0004020909030102
0903070403090404
0600020905010806
0904080203030400
0706020407010704
0307060700080907
0300070406020303
0604060608030400
0006060806080505
0805000503090509
0409080509010109
0900030405080903
0408030909080503
0003090903070103
0905000704090700
0805050009090206
0407010309080506
0307040406050606
0603040504030407
0709000006050905
0109030900090407
0107070100050204
0004070603030309
0901060906010500
0401020004090407
0400080505000209
0700040202090606
0205010503070503
0000020200050501
0304000909060907
0905060104000509
0402020802080605
0009030400060401
0209060402080202
0304070204080805
0408060300020109
0701040802050209
0004070905070907
0101010905020605
0304040102030906
0306060404050703
0905070908040003
0506050404030109
0107080105020601
0108000401050209
0301020904010507
0703090506000101
0507030808080402
0907020304020702
0704050404050402
0406080309070408
0106060903060805
0704000800070908
0109080001090104
0603060102060507
0601000704090507
0501010308080306
0206070509050002
0601070704050509
0303020302060307
0606040107070409
0908050704000905
0909020808070500
0409090608040504
0907090006070402
0607040107030104
0101050208070209
0408000005050503
0208090402040006
0505020600000607
0102010303030503
0101090100060109
0500090502080608
0001020000000400
0407020103070906
0802030801050907
0503040902020709
0207060109020805
0606040704020309
0804040406070708
0503030102050309
0602070308020503
0600050706000709
0508080007010709
0006010406010302
0606080202080505
0502030907070508
0702020301020005
0200010600070905
0308080409050103
0208010905030701
0703000202070609
0603060307040703
0106030108050206
0700060708060407
0107040106060306
0209070907000407
0307060407020109
0102010807000605
0904020700020505
0203090102020101
0000060501070404
0002090007070205
0501030601030502
0002040409020309
0305090008040405
0809020906070004
0903040606090002
0904030707070202
0500070000030802
0008060702040406
0502060408020400
0606080409040402
0703090005090706
0307040604040708
0004010201070008
0500020804020501
0103090404020805
0607080107010109
0101020401060203
0007090600070500
0509050305030405
0401030009070303
0508020602090304
0306090002090104
0906060107030601
0902030606060803
0305050107060707
0902020600020104
0900010008090107
0508090508010408
0200010904090803
0801070206070804
0606060803080203
0409080504050307
0804070103060309
0107080306050905
0008060008020407
0701010807020901
0804000902060305
0607000308080109
0103050704000902
0503070902040308
0003090902030604
0103000300040106
0308020205060007
0908060109000105
0104070403070403
0504080100030008
0003070801000200
0402070101010709
0005010303030904
0407050809040103
0009060306030008
0502020803030804
0404090108050606
0309010503030401
0903060508070509
0605050609000305
0005030904090707
0209010803010001
0603040904090605
0206060009070402
0109030804050200
0808020702090207
0802060804060400
0207030006000600
0904040406000705
0401050702000106
0601020308060308
0001030300010202
0103090009010208
0001000101040507
0302030403040205
0105070702050602
0909020702030800
0405010605030704
0307080003040606
0200040304040806
0601000106050004
0207030702070501
0105010008030907
0702040401040302
0401020407050803
0509060809080204
0700050100000502
0402020801050900
0104060208070505
0706050800050509
0400070005020206
0703090702000905
0100070807020206
0209090405010909
0402070301070007
0104090900040908
0005040605050404
0606070102030202
0309050406010603
0700050303050708
0103000103050104
0902010307020401
0704010406050707
0805000205020606
0000000805040901
0705090100070902
0901090602000004
0301070005060006
0002010900050603
0507040500070000
0305020405040007
0400020906040605
0808000807040000
0603010404030607
0105030105020805
0302090903020604
0106060101070207
0109090506040903
0901080606050602
0504060105040805
0306000902070101
0608020900090601
0301070709060508
0102050803000502
0608030307060109
0000010504040901
0509030104050008
0507010904000906
0807080109060208
0903070201010101
0407040106080101
0803080605060809
0601040803040800
0205070707060904
0007010102030909
0403000600030100
0905020503080803
0404000607010405
0303020104090402
0909040202020406
0206090407060200
0202070703000705
0303040206070901
0106000409050509
0402040008000807
0508060506040009
0203040004040402
0208030706070801
0200070407070406
0502080809010801
0408070505010902
0109080002050804
0009010501020100
0601050802000200
0201090204010903
0103000603000202
0201010907020409
0309090807040103
0000050105070308
0501020904020301
0505060403040505
0907010507080607
0203010308010303
0608020708080004
0305060301000607
0607020305040305
0306050902040805
0701050608000605
0809070703050904
0002040903080903
0704040401020700
0109040408060002
0908060206000603
0802030106060905
0500040801090902
0903000608030002
0702010508080106
0907050804090708
0501020102050608
0207010606080807
0100090104070805
0904010601030404
0506060904000108
0402050704010401
0700050808070504
0504090908020302
0506010504060404
0902040309040605
0800050908010203
0003080100060008
0602030301040400
0905030208000706
0405060101090701
0605000101010608
0905090507060607
0108000301070005
0004070904000106
0607000201060609
0901040302040303
0500070302000105
0805090201090908
0100020305040305
0007090708010009
0703040406010603
0103050106060209
0305080006060401
0401000809090300
0606040604030508
0803020403020904
0800010301050703
0204030008030804
0904040301010104
0806020505030008
0304040202030807
0608070204080008
0402070805050602
0703090602070601
0103060405090904
0009000608040805
0107080502080908
0505030905050001
0402030608000402
0607010506080408
0605010308090206
0500010606090202
0107060101080102
0001000107040307
0700000407080902
0903060807040204
0807030903040706
0000070709040800
0405080005000008
0109080400090408
0409040600060502
0603070907010905
0704090704090909
0306060306010609
0107030702010905
0000080301050106
0409040509080105
0307080905050407
0208060003030600
0407010006050706
0505020607080306
0601050802050702
0300010705040101
0106040609020503
0806070308040400
0906020302090502
0802000102050307
0809050706060204
0908020106020403
0509040301090709
0806070405050304
0404010401040607
0200080600020700
0702060303060202
0204000706090705
0203010506070309
0606020009050707
0402000506090709
0800010904020003
0704060801090409
0404060800020705
0901060209010609
0204050807030908
0301090307070009
0003050604090503
0406020804090004
0300090100030206
0608010808050503
0403060407080201
0600030604010603
0405050705000906
0500020702070706
0508090905050205
0209020506000601
0303020200060905
0806000508020500
0206030009090701
0905070305030600
0805060400090603
0606090407060807
0803010305000803
0209030801020505
0609010907080200
0702000504080501
0007020209040202
0805050002000001
0805000704010106
0700000407050009
0402010903070008
0905000506070905
0202080704050100
0408050504000608
0604050104090305
0903090901050005
0100000405030309
0309000905020402
0206030108090803
0901070703060106
0202010704000307
0407090307060401
0206020508020202
0203070209000501
0208020604050807
0209040800050604
0304040005050803
0305090204030406
0405000508010208
0900000409040809
0308050005090305
0008070000070806
0504050406090609
0607010200070000
0202040303080906
0202060306000609
0705070302020207
0306090500040803
0605070305010700
0105020402070408
0701040309050707
0401020100040008
0107090507010600
0202080909080803
0701070008020200
0605030503000801
0102070409010504
0500090400060601
0208020208030402
0101040707030806
0204080106040004
0707080105030002
0302060401010102
0500050708000607
0503040802010407
0608070203020008
0108000106060803
0706030802070600
0106070400060606
0500000204050302
0406000608040204
0601050003090708
0901030906050108
0001080102030801
0409080103020300
0302050000040407
0101060904010905
0309060805070904
0301020301010009
0809040201040703
0808050300090903
0604010409020107
0508000600050804
0709090603090701
0801090001010302
0901010103050809
0302050301030904
0406050300010006
0709040507090806
0809090008060107
0605050600020102
0404040603040804
0907000000030906
0201010005010806
0609060903020901
0606010503080308
0607090206070402
0707080508070801
0108040005070604
0101010808040600
0707050406040209
0009050007070909
0901020603020105
0202000504050506
0306090406080006
0101070502060100
0507080304080506
0300060307050809
0406020005080400
0402060608000600
0609050006070007
0307070306080200
0709090505000402
0902070508090508
0009070202060605
0605000006050806
0602080900080007
0805020204010006
0906020307050201
0803030906000109
0307070505010609
0003080002000002
0304070601090208
0208090508050302
0208090301010708
0802080506040000
0700030100090308
0605010007080309
0208050606000807
0405050304060602
0507090701080202
0806050009060902
0808040504020409
0203010102010805
0701040807070606
0206070902040006
0509030807070605
0501060309070209
0101000709000201
0503030807010900
0402000608080900
0201000403060701
0503010208010607
0404080306000701
0302020507090305
0807050504050907
0200080804020601
0307080708030002
0405030801090900
0905070006000300
0501020308060802
0107000708010207
0104070404020701
0304000606030208
0705030505020400
0600020802080101
0806010900080400
0206090309080009
0401070200040708
0707010207090203
0007060507040809
0006070502020508
0709050207010100
0102000200000203
0809030909080709
0806050102060305
0308030904000302
0005030401010900
0202040408040300
0303050208060206
0506070305060008
0501070608050203
0906050100060007
0101080104010701
0807040606050405
0500010106070600
0903000406010300
0100080706040602
0500090706090101
0208090902020207
0508020601010008
0905050602010804
0906060909060407
0502070209010303
0007050902050208
0805000703060500
0705090000030000
0305040609020305
0903090004010808
0409080500040102
0708090607080405
0701090804000207
0405020303040305
0508060502000002
0901000006040102
0805070802070108
0209070606050205
0809080203020305
0302050207080107
0104010205010706
0409000005090709
0709010702070000
0004010100060802
0704020005010703
0700000405000903
0904000702010001
0400020604000409
0508050503000704
0904020502040605
0807060303010706
0003000803080004
0403070800070504
0308040403020603
0408020809070400
0500080109060601
0702090101080900
0209000305030808
0909030908010206
0502090008060009
0908000206010800
0905000306080108
0603040305010009
0907010402090602
0000080302070802
0105050000000308
0400060704040309
0303040104000902
0406020000070808
0403070100020705
0402030005070103
0008070500000902
0402010201020900
0904080701070001
0500070808000902
0801000507050903
0507030503000808
0301070101060307
0300090602030703
0402030705090307
0006000000000404
0200000407060106
0902000700060800
0303000004080901
0800050108000604
0900030808050404
0008070606070404
0300010200010402
0103060101070102
0606090104020805
0906030502080007
0901080302010103
0708010200070507
0404090800090801
0905000308030500
0300080708030604
0204040404080504
0609080504030204
0106070402090200
0300050706080708
0103000703070808
0607000604020003
0206040507010606
0007000506010202
0404020809040503
0906040601080704
0704010908000503
0505000900000104
0904030206040303
0407090300050307
0800000806030600
0103060606040701
0605080306020209
0701080806040909
0509060309050003
0900060806040000
0500030405090106
0603040405080206
0001050006050607
0900070609030306
0709080103090700
0504040503040805
0104080809040605
0403020908010904
0605070003030204
0409070603070908
0902030102020702
0309040701030807
0805090704050401
0504080808040802
0007010900000809
0901010704070509
0807000806000009
0503010407070002
0009020604090506
0506060906040806
0202090206030200
0103070704010907
0202090404060205
0002030209030000
0602020907020604
0506060602060608
0605090309040601
0807080402030203
0407040002020506
0207020505050309
0905040604010904
0102040701070802
0202090401000307
0905060008070002
0500090303090202
0200010205030204
0108090006040209
0403050009010100
0108040501070806
0507050401060705
0705010405030002
0409010109020007
0004080807010803
0005070500030204
0800000408020709
0909030300090307
0202070602050808
0202070601000504
0205090400000803
0202040605040703
0109060709010304
0402000005050102
0501060704030109
0504040607060209
0500010208060206
0400080904000107
0209090802050407
0106060907030702
0401050108010206
0904030406000509
0900000104030305
0405060407070908
0108000403050105
0102020901020504
0407000406060600
0404070903050200
0301060607050905
0701020900050405
0502070104090107
0805050200030101
0607000001000103
0108090606040808
0005000507010008
0602010902090703
0502060201000100
0104050602080601
0401040704020904
0800010002020007
0206080301070104
0109010900060406
0608030608000600
0705040103000805
0705030402010408
0408090404090401
0101010305080003
0805070509000907
0709080106090605
0403050101070006
0007020306010803
0808070207020800
0607010903080103
0104040409020903
0502040108010000
0007010600080509
0209020602080502
0805040304000006
0002020704090604
0407030505060303
0801050903090408
0304020904090002
0109080307030709
0403050406060408
0909030306080806
0001060703020107
0304010505040105
0702000102020008
0906060507050700
0802020607070203
0101070709010400
0606010003070505
0507020605000901
0801030500010308
0800020507060304
0903070707090307
0908070902090208
0102090207020701
0301090407040003
0801010000010103
0705020601040809
0307030306020100
0305000708020306
0601070709030602
0000010302010005
0905010305060904
0303070908080506
0108010501070500
0105020003080700
0806050504000205
0802040705080800
0802010408080007
0300060408070907
0704040103080309
0405000603050107
0806050104040201
0807060101000107
0504030304030502
0504060002090606
0206000907040907
0402000805060506
0104040106060008
0900080403000204
0203090902060108
0602040606070202
0202060906020409
0700050801020203
0606030906020109
0800020500050706
0004090102040406
0802080608010705
0300050002050307
0209080205080807
0601070508050005
0501040905060402
0700090700030904
0509080904090903
0203070101050903
0304030904050401
0004040808000106
0400010508070005
0109010605060803
0902040603000208
0000020800020700
0504010601030608
0502050905070108
0907040301020305
0807090804080900
0801070202040609
0107000304080500
0300080103040706
0907060400040601
0200050503070104
0707030309010508
0809000701040407
0401060209040009
0703050008020806
0009080608080806
0002060706010800
0101060005040308
0407010303010500
0605030006080500
0108010500070101
0707020602080905
0300010304020109
0009020308050003
0901090209040908
0005090601080903
0007050007090105
0404020505090505
0707060509060405
0502070101070305
0900070506040802
0100020809070203
0707000602070002
0504000509050407
0106010503000602
0409080201030708
0903000100090905
0500010707010904
0908000904070305
0200010602040807
0001030002060907
0704080402030209
0606070707090604
0507050003020901
0507010000040906
0100010204040402
0801030809060309
0601040908020207
0607060701040901
0604090600030306
0405000301060307
0808000408080600
0303090900020309
0906010700050304
0901080604090601
0702050409040100
0505030409010901
0804020806000909
0301080703050102
0408080100080605
0700070405050507
0108090105060600
0702050506030904
0402000806030609
0004070707050205
0606010102030001
0008010007060901
0402070502090402
0909080805060205
0108080508000405
0309050209010405
0500000906060308
0905050805050300
0206040000090400
0704090109060206
0404070406080902
0801080109020600
0208090201000607
0503020604000803
0303070006090000
0009020500090308
0701060504060904
0208080302020306
0403010409000401
0408060106020503
0706090201090606
0403030803080505
0301040906050002
0303070704000902
0106080700070605
0503060001010602
0701080706070700
0403000309050803
0407090701070503
0507080007020008
0600020203020208
0303090605070407
0704060206070609
0505070806060308
0401020905030607
0203020505040804
0903050501030008
0702030505090308
0800000407010400
0609060902000909
0905070409030001
0802070805010005
0405030200080400
0704060006050802
0009030503070307
0802040602010006
0309020109030007
0804060207040100
0701060107090703
0603070404080207
0402010505090505
0503070803000807
0209050107000001
0205080802040306
0703080104090807
0409010204090409
0008030502030908
0300010106020908
0805020302050609
0106010902000607
0008000509000407
0709030006070700
0102060502010004
0005060609090801
0408090600090301
0703060302090700
0708080705050909
0704090407000507
0904060208060705
0604030408030804
0001030003050605
0809070901030601
0603050401060300
0900040805030000
0909080805030909
0806070007000404
0809020405090507
0205030608010105
0703050700020402
0408040504090806
0102070307060409
0507040102040604
0807080408000307
0801060207010304
0804050208020000
0400000702060501
0705090509030402
0506040407040205
0205080206050708
0408030001060605
0709030904080805
0003050502020007
0405090800050305
0400080409070406
0306010107030404
0502040103020703
0308030201090605
0602080304070307
0509000806030102
0006090809050109
0402090503000301
0808060206050107
0402090507060406
0007030605040508
0906060007040903
0409040308060500
0605060000010200
0309040402040701
0505020609080306
0902020309000907
0604060601040509
0601050907060806
0201040802010501
0902010704090006
0409010902080701
0509090900020209
0801040500080401
0800080505060907
0100080209000004
0508000205090009
0306080806040000
0102020408020900
0300010509050409
0400020407070309
0306070200080604
0404070405060507
0004040809050309
0504080707080808
0102070704060007
0907070000050308
0405000102010901
0207000303050301
0903050901020304
0701090902030004
0304030105060402
0709080909060806
0209080207000203
0001020006050104
0609090209000408
0509090202030504
0602030406080307
0505050603010601
0601050902040604
0902070907020503
0200060508070009
0704040602080503
0900010609000701
0001040303010806
0703070302050504
0503000706070805
0902080403030806
0705070001050108
0209020109040905
0702070505080302
0505060806090304
0503030906050403
0406010101090707
0808010200040403
0904060606090105
0400040208000807
0402030501080209
0501000600010305
0607050007070100
0506070605050107
0106040306070603
0100060602030800
0704060809000309
0707010803050409
0309000503010202
0803040909000402
0205060108060203
0204060802090203
0602060407050404
0006070006060805
0006040501050706
0007040108070901
0600000108080200
0508000105080205
0400060200060502
0003050904000705
0905000406090800
0802060702080602
0806040505090200
0806000407070400
0301000209090102
0405050408020507
0704000201010206
0805080705020806
0004020609050508
0301040002030106
0107050901010007
0503020508010704
0007030908060702
0101000705030602
0104050001020704
0902040209050006
0106020808090403
0800040603010805
0800030701040200
0601030500000709
0606040209060807
0801040105080705
0700080509030201
0906030409090006
0304000304040002
0708080509040402
0405060505090706
0201080505070601
0709000807060306
0801030803090602
0809010107030105
0200010609010009
0700040606060507
0406020901030101
0006060507040609
0706020505020205
0107060206010102
0700020401000902
0802050408000408
0904080606030107
0103010501080304
0501070907020908
0305070007030104
0800080101040706
0803040205080102
0202080903010902
0107030704020206
0306000002030408
0503060903040308
0602050606060805
0909090603030103
0803050006020702
0805060303030501
0907070008010500
0202020603050200
0108020504090906
0700080808040001
0407050200040203
0802090208050005
0607090708030506
0701070509040204
0709080508010506
0102010003070702
0903080803090201
0401060801070007
0608090201040302
0207010205050307
0805010709010709
0000030009020609
0603070301070409
0907050200000509
0801090101070403
0107010101010301
0607050200050608
0108080304030501
0401040207010404
0802010505030600
0702080602030009
0500040806000707
0908060805010506
0906050401050106
0203010108040207
0700070304020000
0106070007010500
0105070302080006
0601030806070504
0109080507060605
0504040503050608
0807000508010102
0502080809060701
0205000307050607
0102000502020700
0800090802030207
0800010800050906
0609040201050101
0400060102090709
0606020903030202
0108060405020606
0302070708020607
0904030805010804
0307010201010704
0108060108020607
0806060804070507
0105070102020108
0503000105010509
0401060902090602
0106030608000509
0409050407030807
0901070009060300
0000080303020905
0303020905080507
0906040406010702
0807050301090808
0309070100060907
0208050309080602
0501020000060700
0100060403010803
0606070400020509
0503070601040103
0208000001070507
0700090701010209
0108070806030109
0506030501050401
0001030903000008
0504040406050908
0408040309060201
0206010202050209
0002070506080104
0607010307030202
0002030702010601
0807040602060200
0306000202030109
0008020703030209
0007000908070401
0907030404040608
0809020709040504
0006000608090804
0608080104000604
0202060007010301
0204080509020105
0306000109000404
0706080406050408
0207000807080408
0302010106040300
0509010208030508
0908090409080102
0309050605070902
0306000109030900
0206000704010203
0301030109000300
0302030903090601
0403070208070301
0402090009060302
0503030204050101
0202060500010600
0101090001050007
0608060807000208
0702010500090100
0109040804020002
0305040802070605
0800030109040608
0401010100010809
0600030904080809
0904040705070202
0000070609090502
0101030101010008
0509040801000708
0409030303020509
0402010803060404
0309030303000301
0107090003020602
0700050908020408
0100000908030808
0509070209010203
0408060507010505
0408070405080706
0401030403010108
0904090303070508
0306030101010300
0800070209040905
0006070508080107
0708080905000301
0808030600020908
0505010703030209
0600070801090900
0303020508030503
0609090208090603
0208060302070506
0903010506090409
0908030603060202
0001010301000602
0209030208050604
0105000208050303
0905060909070103
0208080400010508
0507040408030601
0706030005050400
0202000708070701
0701010808010200
0001080600090409
0803050203020109
0505080609040006
0604080500010405
0301030604050601
0402050209040900
0202040505090409
0203060303050401
0602050303000905
0507050300070608
0308080402000807
0801050302020300
0902020806010703
0901010105040206
0701090505000907
0104090906060702
0104050804000504
0605040407040202
0502080409040201
0700000602040704
0207060607080906
0702070303090404
0909000203040303
0506030002040204
0906020205090304
0609030003020903
0507050106060504
0204000901040708
0802010208010706
